Include: Razer BlackShark V2 X ParametricEQ.txt
Filter: ON LSC Fc 200 Hz Gain -0.5 dB Q 1
Filter: ON LSC Fc 120 Hz Gain 1 dB Q 1
Filter: ON LSC Fc 60 Hz Gain 4 dB Q 1
# GraphicEQ: 20 8; 40 6; 100 2; 151 1; 250 0; 350 -2; 500 0; 800 0.5; 1000 0; 1300 1; 1500 6; 1800 4; 2000 0; 2500 -3; 2800 -3; 3000 -2; 4000 -1; 4600 -1; 5000 0; 5300 0; 5400 0; 5600 4; 5800 4; 6000 4; 7000 -6; 7700 -6; 8000 -5; 9000 3; 10000 9; 12000 0; 20000 0
GraphicEQ: 20 8; 40 6; 100 2; 151 1; 200 0; 250 -1; 350 -2; 500 0; 800 0.5; 1000 0; 1300 1; 1500 6; 1800 4; 2000 0; 2500 -3; 2800 -3; 3000 -2; 4000 -1; 4600 -1; 5000 0; 5300 0; 5400 0; 5600 4; 5800 4; 6000 4; 7000 -8; 7700 -6; 8000 -5; 9000 3; 10000 9; 12000 -1; 20000 0
# GraphicEQ: 20 6; 100 2; 151 1; 250 0; 350 -2; 500 0; 800 0.5; 1000 3; 1300 4; 1500 8; 2000 0; 2500 -3; 2800 -3; 3000 -2; 4000 -1; 4600 -1; 5000 2; 5500 0; 5800 0; 6000 2; 7000 -8; 7700 -4; 8000 -4; 9000 3; 10000 8; 12000 0; 20000 0
# GraphicEQ: 20 4; 50 0; 100 0; 151 0; 250 0; 300 -2; 500 0; 800 0.5; 1000 4; 1600 8; 2000 2; 2500 0; 3000 0; 4000 0; 4600 -1; 5000 2; 5500 0; 5800 0; 6000 0; 7000 -10; 7700 -4; 8000 -4; 9000 3; 10000 8; 12000 0; 20000 0
# Filter: ON PK Fc 7000 Hz Gain 4 dB Q 10
Filter: ON HS Fc 6000 Hz Gain -1 dB
Filter: ON HS Fc 7000 Hz Gain -6 dB
Filter: ON HS Fc 10000 Hz Gain 3 dB
Filter: ON PK Fc 7600 Hz Gain -1.3 dB Q 10
Include: AdvancedEQ.txt
Include: Audio Balance.txt